error(train): 0.1342281879194631
error(test): 0.1566265060240964