entropy: 0.996316519558962
error: 0.4642857142857143